0.9429227360657283
0.6184359956000532
0.3905607096318688
0.3412629372839417
0.28458960471408706
0.27554200738668444
0.2572743233559387
0.2467540572530457
0.24332739636301995
0.22694866050566945
0.22963112292013
0.23144738895020314
0.22194215351981775
0.21510509316410337
0.2166182552065168
0.20919117355453118
0.20874823997063296
0.20947732385247947
0.201641367908035
0.21122896663312402
0.19928572342864104
0.1954773989905204
0.2021857992878982
0.1957723423306431
0.195299047577594
0.20203342578772987
0.19645687118172644
0.187236505693623
0.19086552799812384
0.18727195747196673
0.1917152666885938
0.18607033783836024
0.181011101603508
0.18278043605387212
0.18047582685415234
0.1853214962940131
0.1802751681634358
0.18175461247031177
0.1801854240575007
0.17504616142915827
0.1810161702600973
0.17647796632455928
0.17940829311098372
0.17606085618691786
0.17644018067845277
0.1736369219741651
0.16987508232040063
0.18228270855865308
0.16787518515650715
0.16996657984065158
0.1999291011531438
0.20364991200289556
0.16919681855610438
0.1815091143229178
0.15834683789206402
0.1586884105578065
0.16388364673725198
0.16408403759290066
0.14986251850745508
0.15953529407935482
0.16459424261535918
0.15206594512398755
0.14472500109778982
0.14546654000878334
0.14493940912985376
0.1397339043872697
0.14249183088541031
0.1441094378807715
0.14067293908447026
0.13439371326406088
0.134237986457135
0.13261120848889862
0.13330375549516507
0.1333040803404791
0.13392742799062815
0.1295904593409172
0.1338242039882711
0.13190735715574453
0.12778387685705508
0.136659667893712
0.12867517500583614
0.12626424341329506
0.12342175694980792
0.12318904398541365
0.12285522648266384
0.12358563306874462
0.1258613065816462
0.1237949645945004
0.11907529665955476
0.11975282659488065
0.11963252654033048
0.12022654467395373
0.12143214615061879
0.11851355527926768
0.1201064095034131
0.11820683026952403
0.11743097832160336
0.1162903303679611
0.11656200248481972
0.11628427903300949
0.11378732442057558
0.11115405457094311
0.11624842910096049
0.11679794051285301
0.11572749528235622
0.1123380373764251
0.1132949871942401
0.11127252888732724
0.11435547212937049
0.11440415173502905
0.11502907974645496
0.12489988351506846
0.11456586664010371
0.11137997512040394
0.11021025622529643
0.11062022962474398
0.10952104568215353
0.1079469238540956
0.10802542721586568
0.10817577091178723
0.10870871017021792
0.1070373603142798
0.11269596725968378
0.10843334856576153
0.10494729006396873
0.10759789106835212
0.10991086903959513
0.10872262667066285
0.1072610268369317
0.10942248821790729
0.10572031915986112
0.10773869561297553
0.10507386034088476
0.10413117918318936
0.10337237822157996
0.10494053122986641
0.10134049822975483
0.10161198264520083
0.1007760406737881
0.10363772085734776
0.10187736097723246
0.09909846330327647
0.10364505226856896
0.10143041030636855
0.10120529179860438
0.09923956255827632
0.09766542644106917
0.09917267795119966
0.09929770147427916
0.10082433266299111
0.10141650804185441
0.09707238978839346
0.09894031331475292
0.10209580254075783
0.09773920238284128
0.0967873149285359
0.09894948068207927
0.09834023793893201
0.0962866713558989
0.09721711816798363
0.09970030918983476
0.09377711602885808
0.09510150046220847
0.09713609249198012
0.09446979820994394
0.09531856667516488
0.09615303280630282
0.09422013176871198
0.09297975235219513
0.094214590705399
0.09343920048060161
0.0949014874175191
0.09679146927914449
0.09402460345466222
0.0923577229093228
0.09148856554446476
0.09370963236849222
0.09277082273204412
0.09204409433794873
0.09391730288043618
0.09352501986016121
0.08893918436286705
0.0886598922711398
0.08980334890740259
0.08915773600872073
0.09028172294742294
0.09063269162018384
0.09134173990626421
0.08852234611819898
0.08887525662513716
0.09074612406215497
0.08805657796827811
0.08880907094904354
0.08819934954600675
0.08797618591093591
0.08867672456960593
0.08960011999255844
0.08850417900165276
0.08766814075144273
0.08726558016080942
0.08485641323163041
0.08680601814495666
0.08787602186203003
0.08588621621685369
0.08547337361212287
0.08623933545979005
0.0854641139906432
0.08512742342427373
0.08479716157806771
0.08479679304042033
0.08628451913329108
0.08355613040870853
0.08386365792581013
0.08736335490165012
0.08136690984080945
0.0837007281370461
0.08370980649654354
0.08503454512517367
0.08369964563420841
0.08306757131857531
0.08256857413798571
0.08101362639239856
0.08076972006154912
0.08201899493911437
0.08086423414892384
0.08106677075847983
0.08103090451498117
0.08033831297819104
0.08084744310804776
0.0805546943630491
0.08087422225092139
0.0800351326353848
0.07973269230819174
0.08044651504606008
0.08114777454840286
0.07966799744005715
0.07996396158954927
0.07918805956308331
0.08066443049215845
0.07933707325054067
0.07940337757047798
0.08117930410828973
0.07968274519911835
0.0806379479223064
0.07913937742954918
0.07922855502526675
0.07828425158347402
0.08041918651599969
0.0793193695933691
0.08022248619901283
0.07949003198051027
0.07876981957150357
0.0784560099643256
0.07879599137231708
0.07770302269075598
0.07829045089227812
0.07759211002849042
0.07693988860451749
0.07596841140517167
0.0795048196800053
0.07843256500948753
0.07791152105533651
0.08025425390473434
0.0792977176473609
0.07958113657576697
0.07974007232114673
0.07775368823536805
0.0796241460101945
0.07852290694468787
0.07754060297406146
0.07883152744865843
0.07928547643657241
0.07711805875546165
0.07892729014690433
0.07705489736316459
0.07935154972864049
0.07515531238168478
0.07871863895228931
0.07726514951458999
0.0769184264753546
0.07772396472947939
0.07708229143172503
0.07786094729921647
0.07667341230969343
0.07748070933989117
0.07626519835820156
0.07816501168001976
0.07771020788433296
0.07840302323124239
0.07775762609339186
0.0769918493793479
0.07695582528997745
0.07656205601191947
0.07876108585457717
0.07794633497084891
0.07733467833272048
0.07737316745998604
0.07774704786549722
0.07959692564659886
0.07822312644815871
