0.9269295447639057
0.5806804578219141
0.36026874748723847
0.29299413024314813
0.248911613731512
0.24061844599034105
0.23095196650496552
0.2259451345407537
0.22460677224610534
0.21883332636207342
0.21450617563511645
0.21356817223131658
0.21506392226687499
0.2164454810321331
0.20344581492245198
0.2073667717299291
0.19916977419384888
0.19396582442734922
0.19557877257466316
0.20525653761412416
0.19190774033112185
0.1894419515505433
0.1838427481108478
0.18696129103856426
0.17810300083032676
0.1872825412079692
0.18324168792792728
0.17895586009004286
0.17989611781335302
0.18392547525997674
0.18101525713822672
0.17334199877721923
0.1784521492730294
0.17060944360813923
0.1768153777612107
0.17694735838366407
0.17137652215148722
0.17143429815769196
0.1723921811208129
0.1751304983560528
0.16826278381049634
0.16770852279982396
0.1673542455104845
0.17139422768460852
0.16861582890685115
0.1680944307574204
0.16632378415337631
0.1669969237276486
0.1655308934194701
0.16813623113557696
0.1918186415252941
0.1829162127471396
0.16712528618850878
0.18034108227917126
0.15550445581653288
0.15294292766068662
0.15300211238541772
0.14940542561401213
0.14476246982812882
0.14676447135529347
0.14132203461070145
0.1455993691459298
0.14341729506850243
0.13673978176500115
0.13804709541478327
0.14006378484357682
0.14063780600471157
0.13648363870701619
0.1355357037857175
0.13739824542509657
0.13661201034805603
0.12982509867953404
0.13107447673433592
0.1323866836194481
0.1305055675229856
0.13293453050511225
0.12502615765801497
0.12550129391519085
0.1238663944282702
0.12719630202544588
0.12531378285161088
0.12149027758943183
0.12105800560010331
0.12416774151580674
0.12170301457600934
0.12301664987046804
0.1230772082959967
0.11937668274289795
0.11807462811203939
0.12014283891767263
0.12055638445807355
0.12346783872427684
0.11849905482626387
0.1150307023631675
0.11447736731331264
0.11840868351448859
0.11788101132426942
0.1164531518306051
0.11576756522325533
0.11761891433436955
0.11699698063145791
0.11542829189981733
0.11182792655059269
0.11593794484755822
0.1103641071356833
0.11390340235084295
0.11483665092715195
0.11485845623537898
0.11086779812883053
0.11140034794807434
0.1123234578541347
0.11062176952670727
0.10829525053767221
0.10994489246181079
0.11237701536821468
0.10982088997427907
0.10816623416862317
0.10815188550789441
0.1067298687728388
0.10812448408188564
0.10714979154456938
0.10648185469742333
0.10681667595303485
0.10544459378080709
0.10748931609892419
0.10527098502165505
0.10551038931256958
0.10567448494423713
0.10546402537396976
0.101742878675993
0.10357110556215048
0.10332870307777609
0.10096971640097244
0.1016114705907447
0.10128136659041047
0.10250099625970636
0.10352975058236293
0.10160525776445865
0.10344118573037642
0.10019104504691703
0.10140236147812434
0.09870887543740017
0.09990687814674207
0.1029463216662407
0.09974369094041842
0.09862824939191342
0.09941784071602992
0.0989257350430957
0.09769719430644597
0.09956930994189211
0.09886972184426018
0.09856698561592826
0.0955399322323501
0.10144480698342834
0.09513335267880134
0.09910611961303013
0.09661400650760957
0.09822291927412152
0.09546081961265632
0.09787607207628234
0.09577458031209451
0.09298093888376441
0.0935917282210929
0.09309151224525912
0.09013715978445751
0.0958956228702196
0.0937395657811846
0.09610472616872617
0.09371611714097006
0.09490773257400309
0.09254314294084906
0.09599385510331818
0.09148561327851244
0.09109353017328041
0.09350657766418798
0.0899306619672903
0.09143653963027255
0.08973665244079061
0.0907206380606762
0.09159231793933681
0.09005410583423716
0.08971090771790062
0.08971379790455103
0.0886974467895925
0.09021053778539811
0.0891128693308149
0.08992370727605054
0.09048350686207414
0.08564321044832468
0.08771384539348738
0.08638870032238109
0.08796226073588644
0.08811283357707518
0.08824023962286966
0.0834569729332413
0.08528695338006531
0.08612168468534946
0.08309316483459302
0.08731093756588441
0.08351690536364913
0.08397481383622757
0.08393495765381626
0.08341424538354789
0.0833341283723712
0.08241508627044303
0.08331696622605834
0.0841735708660313
0.08491848092526197
0.08320257083645889
0.08369699261550392
0.08446741999526108
0.0829512725717255
0.08256168052820223
0.08136035367580396
0.08244605917217476
0.08204194828867913
0.08156752875074744
0.08027303665876388
0.08169492346101574
0.07905199211756034
0.08044277569279075
0.07903675397059746
0.08289064888709358
0.08107718909159303
0.08220991558794465
0.07868546071861471
0.08200194173093353
0.07968089357018471
0.07932960167527199
0.07858074408556734
0.07840769133929695
0.07970803940136517
0.07907686766370066
0.07883944708321776
0.07956910467307482
0.0798035920797182
0.08027613162994385
0.0786539234886212
0.07906178037769028
0.07699058336604919
0.078954969186868
0.07853878072596022
0.07799727475004536
0.08039469343743154
0.07765339933601874
0.07743318515962788
0.07766569231503777
0.07974646772657122
0.07806277808600239
0.07792910906885352
0.07594927158206702
0.07775544057201061
0.07703244860417076
0.07566347096913627
0.07636388803699187
0.07762896856293082
0.0767715892488403
0.0768595099848296
0.07702189232887967
0.07827003628813795
0.07494708744010754
0.07735398967883417
0.07799925500793116
0.07788311059453658
0.07557759708724916
0.0761770679482392
0.07648204443976284
0.07522961162030697
0.0781446121766099
0.07663299326917955
0.07635063203051687
0.07583250405399927
0.07607643276985203
0.0767368223252041
0.07560618052791272
0.0757946633866855
0.07611113021682415
0.07528630362025329
0.07482761334893959
0.07679559223886047
0.07608286804918732
0.07495058627266969
0.0773253391230745
0.07705585431041462
0.07550271420207406
0.07704723405518703
0.07712570310437254
0.07548293440735766
0.07666347628193242
0.07665327488045608
0.07592386008639421
0.07697705239323634
0.0747985810706658
0.07662907468953303
0.07592247275502555
0.0761721996590495
0.07626492072428975
0.07581781042473656
0.0754820060916245
0.07475416770737087
