0.8929780114974294
0.532565796907459
0.35849878048258166
0.30924379226884674
0.26850857410047735
0.23509245059852088
0.22938712843294654
0.22577025227780853
0.21762945005404097
0.21103281522435802
0.22021043598651885
0.20817898666220053
0.2032708290698273
0.1975186334124633
0.19391593446156807
0.19227425001029458
0.2009528079203197
0.1947322557813355
0.1922740524634719
0.1889358931620206
0.18686806325401578
0.18375441362815245
0.1851812938760434
0.18086558186582158
0.18155828275318656
0.18104697737310613
0.1818152512290648
0.18825339629713977
0.18368555158376693
0.1781990020136748
0.17295765892735548
0.17949379477649927
0.16808594098048552
0.17937935713146413
0.1694700775668025
0.17126027667628868
0.17507776035262004
0.16983485969581774
0.1653618703463248
0.17102486565709113
0.17027865170634218
0.16411209460347892
0.16385283400969847
0.16464447682457312
0.1619074670597911
0.16194062805069345
0.15903276279568673
0.16194216962903737
0.15577077325433492
0.16739583422562906
0.20555008644504205
0.16390996176217285
0.1687919156625867
0.18079890507672514
0.15888133339051688
0.15412877931126526
0.15017471510384764
0.15164087555770364
0.14458430149991597
0.14332707997943675
0.1452405533088105
0.1415829174486654
0.14034776806033084
0.1423150308297149
0.14770454314670392
0.14200300168512123
0.138082763712321
0.14004508278199604
0.1378816558181175
0.13525965729994432
0.13244716281603489
0.13147805164168988
0.13627262080886535
0.13359055266316447
0.13183480418686355
0.12842995661443898
0.12873639042622276
0.13711006214310015
0.12860867721693856
0.12536919907267605
0.126146302412131
0.1295701509873782
0.1275213311958526
0.12211747422282185
0.1289020611106285
0.12381429592413562
0.13156291217144048
0.12189793749047177
0.1255526493702616
0.12503968764628684
0.14524130326296603
0.12011285856632249
0.11841730454138347
0.1168795940200133
0.11924163174948522
0.11586684426292777
0.1174623580516449
0.12081196813711098
0.11710366022640041
0.12153648297701564
0.1098162244739277
0.11668771248576897
0.11389491633911218
0.11640091000923089
0.11168183488771319
0.11348265570455364
0.11371350941647376
0.113028758152255
0.11070718956845148
0.1261374747247568
0.11713237424514124
0.1120427412113973
0.11479957927284497
0.11180021923833659
0.1105810017191938
0.109644523928208
0.11174803007660168
0.1094993296744568
0.10863117914912956
0.10586463926093918
0.1064695769787899
0.11196878585698349
0.10910521619287984
0.1089370853134564
0.10687986311635801
0.10815250352025033
0.10582075745665602
0.10456961243014251
0.10685283859659518
0.10713909743353725
0.10953203165637596
0.10639789426433188
0.10497546358300107
0.10601500327299748
0.10411379873486502
0.10475097379780242
0.103881345170417
0.10495593227179988
0.105600117719067
0.10320970776623913
0.10193542782217264
0.10278658329376153
0.10213363761348383
0.1015047976614109
0.1013063405374331
0.10066638360066073
0.1028339165395924
0.10093630871602467
0.09994198368596179
0.09529594244169337
0.09906074298279625
0.09918015599250793
0.09821866622992924
0.09897646040522627
0.0971459479337292
0.0982139458214598
0.0990259380478944
0.09629218376108578
0.09816335246765188
0.09826500622023429
0.09926532632006066
0.09655570715133632
0.09623639965429902
0.0951361504117293
0.09814240482768842
0.09288448791152665
0.09660154010302253
0.09429958308381693
0.09451539986101644
0.09933032380150897
0.09388822208025625
0.09611239301572953
0.09371039299294352
0.09227619181786265
0.09312077043578029
0.09283650210127234
0.09174852796298053
0.09188068129920533
0.09063428617747767
0.09182354525796005
0.09190204658412508
0.09103220292766179
0.09128440453537873
0.09051447361707687
0.09308020573641573
0.0876149594650737
0.09070696818775364
0.0899441720917821
0.08924039934894869
0.0890823938883841
0.09268088026770524
0.08689802714756557
0.08825850732890624
0.08802023866612996
0.08794600400807602
0.08795095332232969
0.08960022895729967
0.08750363433999675
0.08623964773224933
0.08450319953262805
0.08494924338800566
0.08654526311105916
0.08679880184520568
0.0863319495426757
0.08485091569434319
0.08545627133654697
0.08604766972629087
0.0831504083105496
0.08349252115668995
0.0841791701370052
0.08295499281957745
0.08392068750358053
0.08412433540714638
0.08437037660873362
0.08414038274703281
0.08535454053697841
0.08328798107270684
0.08311900065413542
0.08389686735879098
0.08326508993549006
0.0825187077346657
0.08293941378859537
0.08349912194535136
0.08161109817613449
0.08263800551316568
0.08149326330583011
0.0809047819913498
0.08053070626088552
0.07996686404304845
0.08112061857911093
0.07983648705163172
0.08217932222677128
0.08000940653894628
0.08079133121562855
0.08048296083829233
0.08142367143716131
0.07919676773516195
0.07959273557311722
0.08105219007868852
0.07826379352648344
0.08065217713426266
0.07990994742140174
0.08068791428314788
0.08213751562205808
0.07916550298354455
0.07926747828189816
0.07918089496503983
0.07920571931504777
0.07868968294933439
0.07867841831009303
0.07948954274345721
0.07809665634163789
0.08099585698385324
0.07949843757918902
0.07898739418014884
0.07709983293233173
0.07912030049732753
0.0783878194035164
0.07924042656751616
0.07912285546106952
0.07917881470971874
0.07840384750493935
0.07796341708994338
0.0773070785017418
0.07719730323712741
0.07722999340455447
0.07827832157324467
0.0765756378482495
0.07661432404337185
0.07998478777174439
0.07645546970888972
0.0785831100307405
0.07713978665747813
0.078127840587071
0.07638128224228109
0.07838688776163118
0.07846841840073467
0.07714957405946084
0.07878803300804325
0.07737666862085461
0.07721291786458875
0.07898368054468717
0.07764195041464908
0.07684833475255541
0.07733023892422872
0.0775058490889413
0.07689203427040152
0.07775877014334713
0.07831823406741023
0.07770376192139727
0.07687119542221937
0.07897064439686281
0.07836155590734312
0.07763196574524045
0.07820312489888498
0.07656132045335003
0.0772537310208593
0.07880059303715825
0.07775360083739673
0.07696985143369862
