epoch	threshold	tp	fp	fn	precision	recall
1	0.5	17061	2088446	4312256	0.008103036465801348	0.003940806367378503
2	0.5	2838197	887285	1491120	0.7618335023494947	0.65557615670093
3	0.5	3864344	3611429	464973	0.5169156420346097	0.8925989942524422
4	0.5	3763967	1425899	565350	0.7252532146302043	0.8694135818652227
5	0.5	3726988	1026211	602329	0.7841009812549401	0.8608720497944595
6	0.5	3492612	557449	836705	0.8623603446960428	0.8067351039436474
7	0.5	3908476	1358468	420841	0.7420766197628075	0.9027927499880466
8	0.5	4102335	2284215	226982	0.6423397609037743	0.9475709447933705
9	0.5	4094578	2248105	234739	0.6455593003780892	0.9457792072052011
10	0.5	3642149	661814	687168	0.8462314847966862	0.8412756561831809
11	0.5	3810363	899995	518954	0.8089327817545927	0.8801302838299898
12	0.5	3960347	1261127	368970	0.7584729905769904	0.9147740856121185
13	0.5	4033988	1445636	295329	0.7361797086807416	0.9317839280422293
14	0.5	4016849	1462633	312468	0.7330709362673333	0.9278251049761429
15	0.5	3928196	1193365	401121	0.7669919385905977	0.9073477409947112
16	0.5	4042272	1580377	287045	0.7189266127051502	0.9336973938383353
17	0.5	3893639	930981	435678	0.8070353727340185	0.8993656505171601
18	0.5	3913161	942805	416156	0.8058460458742915	0.9038749068271046
19	0.5	4109288	1684426	220029	0.7092666293158413	0.9491769717948582
20	0.5	4094009	1767805	235308	0.6984201477563089	0.9456477776979602
21	0.5	4058359	1405602	270958	0.7427503600410033	0.9374132224551818
22	0.5	4029410	1263367	299907	0.7613035652172763	0.9307264864180654
23	0.5	3898789	954074	430528	0.8033997662822956	0.9005552145985152
24	0.5	4130829	1852346	198488	0.6904075177476842	0.9541525834213572
25	0.5	4050831	1227696	278486	0.7674169327920459	0.9356743800465523
26	0.5	3978692	1037015	350625	0.7932464954591646	0.9190114745582271
27	0.5	3903298	921350	426019	0.8090327004166936	0.901596718373822
28	0.5	4043980	1237716	285337	0.765659363961879	0.9340919133433749
29	0.5	4050137	1409555	279180	0.7418251798819421	0.9355140776247154
30	0.5	3844221	727484	485096	0.8408724972411824	0.8879509169691201
31	0.5	4126130	1433352	203187	0.7421788576705528	0.9530671928158645
32	0.5	4014723	1157407	314594	0.7762223687339646	0.9273340344446942
33	0.5	3874841	854605	454476	0.8193012458541656	0.8950236261285556
34	0.5	4027839	1092488	301478	0.7866370643906141	0.930363611627423
35	0.5	3915420	894158	413897	0.814088055126666	0.9043966981396835
36	0.5	4045738	1114625	283579	0.7840025982668274	0.934497982014253
37	0.5	4091099	1235462	238218	0.768056350054003	0.9449756162461654
38	0.5	3995046	938616	334271	0.8097526745853283	0.9227889757206507
39	0.5	3836392	697968	492925	0.8460713309044716	0.8861425485821436
40	0.5	4114057	1362811	215260	0.751169646593637	0.9502785312325247
41	0.5	4038830	1051162	290487	0.7934845477163814	0.9329023492620199
42	0.5	4024866	1016475	304451	0.7983720998043973	0.9296768982266718
43	0.5	3982676	939107	346641	0.8091937413738071	0.9199317120922307
44	0.5	3951251	819223	378066	0.8282722010433344	0.9126730613627969
45	0.5	3961091	850647	368226	0.8232141899662866	0.9149459371997939
46	0.5	3921120	852012	408197	0.8214983369410274	0.905713303045261
47	0.5	4034964	1023202	294353	0.7977128469093343	0.9320093677593948
48	0.5	3892665	654260	436652	0.8561093486257196	0.8991406727666281
49	0.5	4165283	1504318	164034	0.7346695120168069	0.9621108826172812
50	0.5	3999473	868994	329844	0.821505619736151	0.9238115388639825
51	0.5	4170214	2014817	159103	0.6742430231958417	0.9632498613522641
52	0.5	3782959	458315	546358	0.8919393088020251	0.8738004170172801
53	0.5	4077521	1237436	251796	0.7671785491397203	0.9418393247710898
54	0.5	4088326	1297998	240991	0.7590196950647603	0.9443350995087678
55	0.5	4151983	2528722	177334	0.6214887500645516	0.959038804504267
56	0.5	4223240	20082535	106077	0.1737545912442619	0.975497982707203
57	0.5	4172033	1911957	157284	0.6857396215312649	0.9636700200054651
58	0.5	3901864	680787	427453	0.851442538390988	0.9012654882975767
59	0.5	4206802	1736800	122515	0.707786625012913	0.971701078946171
60	0.5	2998116	149643	1331201	0.9524604647306226	0.6925147777351485
61	0.5	3841907	470199	487410	0.890958385531339	0.8874164215741189
62	0.5	4058964	939276	270353	0.8120786516853933	0.9375529673618264
63	0.5	4051736	807246	277581	0.8338652005708191	0.9358834199482274
64	0.5	4155743	1467062	173574	0.739087163791026	0.9599073017753147
65	0.5	4225872	1583735	103445	0.7273937806808619	0.9761059307969363
66	0.5	4017525	690133	311792	0.8534020525705138	0.927981249698278
67	0.5	3959567	597398	369750	0.8689044133540635	0.9145939186250395
68	0.5	3875582	654424	453735	0.8555357321822532	0.8951947847662807
69	0.5	3966105	572894	363212	0.8737840656056545	0.9161040875500686
70	0.5	4071274	1088722	258043	0.7890072007807758	0.9403963719912402
71	0.5	4119910	1685089	209407	0.7097176071864957	0.9516304765855677
72	0.5	4032203	739979	297114	0.8449390656098196	0.9313716228217984
73	0.5	3922310	622014	407007	0.8631228759216992	0.9059881731922148
74	0.5	4195129	1912076	134188	0.6869147179438058	0.9690048106895384
75	0.5	4078353	759649	250964	0.8429829090603931	0.9420315028906407
76	0.5	4159772	963768	169545	0.8118941200810377	0.9608379335585728
77	0.5	4064428	783219	264889	0.8384331614905128	0.9388150602046466
78	0.5	3910977	579227	418340	0.8710020747386978	0.9033704392632833
79	0.5	4175570	2490226	153747	0.6264173101006991	0.9644870079968734
80	0.5	4161627	997255	167690	0.8066916436545748	0.9612664076111774
81	0.5	3995878	565589	333439	0.8760072143457357	0.9229811538402016
82	0.5	4114379	1210145	214938	0.7727224067353251	0.950352907860524
83	0.5	4215172	1606521	114145	0.7240457372108079	0.973634409307519
84	0.5	3930276	483947	399041	0.890366435950336	0.9078281862935885
85	0.5	3950957	496664	378360	0.8883304130455361	0.9126051522676671
86	0.5	4110750	846422	218567	0.8292530499244327	0.949514669403973
87	0.5	3990569	511580	338748	0.88636982027916	0.9217548634114804
88	0.5	3793507	320489	535810	0.9220978824481113	0.8762368290425487
89	0.5	3915794	419565	413523	0.9032225474291748	0.9044830859001547
90	0.5	4162177	975658	167140	0.8101032828029705	0.9613934484353999
91	0.5	4029064	651006	300253	0.8608982344281175	0.9306465661904637
92	0.5	3929967	504973	399350	0.8861375802152904	0.9077568124487073
93	0.5	4225204	21869275	104113	0.16191946196741464	0.9759516339413353
94	0.5	4087918	747451	241399	0.845420070319349	0.9442408583155264
95	0.5	4053636	699752	275681	0.8527887898063444	0.9363222882500866
96	0.5	3913906	448858	415411	0.8971161401350153	0.9040469893980967
97	0.5	3880372	426180	448945	0.9010391607949934	0.8963011948535993
98	0.5	4078298	1252007	251019	0.7651153170409574	0.9420187988082185
99	0.5	4094432	877580	234885	0.823496001216409	0.945745483640953
100	0.5	4214930	8251091	114387	0.3381135006911989	0.9735785113448611
101	0.5	4024640	564260	304677	0.8770380701257382	0.9296246959970822
102	0.5	3996577	617581	332740	0.866155211850136	0.9231426111786224
103	0.5	3944030	449282	385287	0.8977350117633348	0.9110051308324154
104	0.5	4065631	632456	263686	0.8653801004536528	0.9390929331347185
105	0.5	4009443	539585	319874	0.8813845507216047	0.9261144425321592
106	0.5	4074379	645995	254938	0.8631474963636356	0.9411135751898048
107	0.5	3787911	517393	541406	0.8798242818625583	0.8749442464019151
108	0.5	4178841	1156127	150476	0.7832926083155513	0.9652425544260215
109	0.5	3982196	554827	347121	0.8777112216534939	0.9198208401001821
110	0.5	4014946	543361	314371	0.8807976294707662	0.9273855437243335
111	0.5	3965604	442508	363713	0.8996150733012228	0.9159883649083678
112	0.5	4056663	624088	272654	0.8666692588432925	0.9370214747499432
113	0.5	4032076	531337	297241	0.8835658749273844	0.931342287940569
114	0.5	4017279	632183	312038	0.8640309351920716	0.9279244278023531
115	0.5	3872608	375655	456709	0.91157444819212	0.8945078403822128
116	0.5	4093992	670977	235325	0.8591854427594388	0.9456438509815751
117	0.5	4166142	904335	163175	0.8216469574755985	0.9623092972863849
118	0.5	4140507	719659	188810	0.851927074095823	0.9563880399610377
119	0.5	4011337	553422	317980	0.8787620551271162	0.9265519249341178
120	0.5	4074650	680688	254667	0.8568581244908353	0.9411761716686489
121	0.5	3999205	517214	330112	0.8854813957695244	0.9237496353350887
122	0.5	4124354	714836	204963	0.8522818901510377	0.9526569664452845
123	0.5	3954508	5575364	374809	0.4149591935757374	0.9134253740255103
124	0.5	3990438	447257	338879	0.8992141190415295	0.9217246045969838
125	0.5	4025271	512735	304046	0.8870131507098051	0.9297704464699628
126	0.5	4179670	1063852	149647	0.7971111783263234	0.9654340395956221
127	0.5	4043581	539875	285736	0.8822122433377783	0.9339997509999846
128	0.5	4036906	513288	292411	0.8871942602886822	0.9324579373605583
129	0.5	4078724	641126	250593	0.8641639035138828	0.9421171977011616
130	0.5	4141157	750991	188160	0.8464905395339634	0.956538179116937
131	0.5	4055163	587876	274154	0.8733855132382046	0.9366749997747913
132	0.5	3964148	432091	365169	0.9017134873695447	0.9156520531991535
133	0.5	3879745	383529	449572	0.9100388574602524	0.8961563683139858
134	0.5	4071021	668507	258296	0.8589507225192045	0.9403379332120979
135	0.5	4131819	831240	197498	0.8325145842513659	0.9543812569049576
136	0.5	3994596	564500	334721	0.87618159389493	0.922685033228105
137	0.5	3808073	316488	521244	0.9232674701622791	0.8796013320345911
138	0.5	4080194	603532	249123	0.8711427611265048	0.9424567431768106
139	0.5	4174936	843506	154381	0.8319187508792569	0.9643405645740425
140	0.5	3995012	412223	334305	0.90646675296416	0.9227811222878806
141	0.5	3869605	316657	459712	0.924358054990347	0.8938141974819585
142	0.5	3993969	478760	335348	0.8929602039381326	0.9225402066884915
143	0.5	3941397	380138	387920	0.9120363481957221	0.9103969517593653
144	0.5	3925166	391517	404151	0.9093014242648811	0.9066478615449042
145	0.5	3903837	358251	425480	0.9159447200527066	0.9017212183815599
146	0.5	4075796	777611	253521	0.8397803852015707	0.941440878549665
147	0.5	4017357	489350	311960	0.8914173919005607	0.927942444501061
148	0.5	4004644	510828	324673	0.886871627152156	0.9250059535949897
149	0.5	3917972	364991	411345	0.9147807253996825	0.9049861675640754
150	0.5	4049080	562372	280237	0.8780488228002807	0.9352699282588917
151	0.5	4087169	595741	242148	0.8727840167758936	0.9440678518112672
152	0.5	4134849	689158	194468	0.8571399253773886	0.9550811363547645
153	0.5	4055875	502573	273442	0.8897490988160883	0.9368394598963301
154	0.5	3974952	480018	354365	0.8922511262702105	0.9181475969535149
155	0.5	4074780	550974	254537	0.8808899046512201	0.9412061994998288
156	0.5	3994413	413616	334904	0.9061675864655155	0.9226427632811365
157	0.5	4044910	488242	284407	0.8922952506335547	0.9343067278279692
158	0.5	4096722	590022	232595	0.8741083361924611	0.9462744354363517
159	0.5	4090673	573626	238644	0.8770177469326045	0.9448772173532223
160	0.5	4056051	553384	273266	0.8799453729144678	0.9368801129600812
161	0.5	4047151	536720	282166	0.8829111901272964	0.9348243614408462
162	0.5	3930120	387329	399197	0.9102875332169529	0.9077921528961728
163	0.5	4115104	626479	214213	0.8678755597023188	0.9505203707651807
164	0.5	4019166	489319	310151	0.8914670892772184	0.9283602933210943
165	0.5	4044675	533525	284642	0.8834640251627277	0.9342524467485287
166	0.5	4122994	639109	206323	0.8657926970500218	0.9523428291344801
167	0.5	3899784	363028	429533	0.914838374293776	0.9007850429986993
168	0.5	4005383	454403	323934	0.8981110304395772	0.9251766502660812
169	0.5	4136816	681576	192501	0.8585470007421563	0.9555354805388471
170	0.5	3974551	388311	354766	0.910996268046067	0.9180549726434909
171	0.5	4133115	656731	196202	0.8628909990008029	0.9546806112834888
172	0.5	4064036	523019	265281	0.8859793484054584	0.9387245147444736
173	0.5	3944440	416412	384877	0.9045113202649391	0.9110998339922902
174	0.5	4081463	609069	247854	0.8701492709142588	0.9427498610057892
175	0.5	4092953	588730	236364	0.874248213729977	0.9454038593154532
176	0.5	4143257	696005	186060	0.8561753837671943	0.9570232440821497
177	0.5	3958689	933124	370628	0.8092478187534969	0.9143911152729172
178	0.5	4085562	628799	243755	0.8666205239692081	0.9436966616212211
179	0.5	4095283	570322	234034	0.8777603333329761	0.9459420504435226
180	0.5	3985698	438918	343619	0.9008008830596824	0.9206297436755035
181	0.5	3935604	371677	393713	0.9137096000934232	0.9090588654053283
182	0.5	4030030	501019	299287	0.8894253847177552	0.9308696960744617
183	0.5	4024005	475952	305312	0.8942318782157251	0.9294780215909345
184	0.5	4076825	540044	252492	0.883028086783489	0.9416785603826192
185	0.5	4040038	521015	289279	0.8857687029727566	0.9331813771086755
186	0.5	4028290	442587	301027	0.9010066705033487	0.9304677851032853
187	0.5	3982879	404527	346438	0.9077981385812026	0.9199786017055346
188	0.5	4043529	494245	285788	0.8910820591770326	0.9339877398675126
189	0.5	4053556	519744	275761	0.8863525244353093	0.9363038095847451
190	0.5	3965678	398038	363639	0.9087846230139633	0.9160054576738086
191	0.5	3976733	436584	352584	0.9010757668211914	0.9185589782406786
192	0.5	4013096	463871	316221	0.8963872192937763	0.9269582245883127
193	0.5	4030052	478126	299265	0.8939425195722086	0.9308747777074305
194	0.5	3973177	423907	356140	0.9035936088553232	0.9177376015662517
195	0.5	4082093	566711	247224	0.8780953122566578	0.9428953804953529
196	0.5	4033313	476714	296004	0.894299080692865	0.9316280143034109
197	0.5	4089638	633842	239679	0.8658103770948538	0.9446381496203674
198	0.5	4032174	454001	297143	0.8987999799383662	0.9313649243056121
199	0.5	4094364	563556	234953	0.879011232481451	0.9457297767754128
200	0.5	4006785	430000	322532	0.9030829756231145	0.92550048887619
201	0.5	4013832	458298	315485	0.8975213153463786	0.9271282283094539
202	0.5	3973563	399353	355754	0.9086758126613912	0.9178267611265241
203	0.5	3970850	439123	358467	0.9004250139399946	0.9172001033881326
204	0.5	4046902	501867	282415	0.8896697106403952	0.934766846594971
205	0.5	4006208	465552	323109	0.8958906560280516	0.9253672115024149
206	0.5	3972908	405869	356409	0.9073099634898055	0.9176754670540411
207	0.5	3980016	431457	349301	0.9021966132400674	0.9193172964696279
208	0.5	4074861	555552	254456	0.8800210693948898	0.9412249091484869
209	0.5	3983334	425879	345983	0.9034115612015114	0.920083699114664
210	0.5	3968202	431602	361115	0.9019042666446051	0.916588459565331
211	0.5	4041760	479196	287557	0.8940056041244374	0.9335791303801501
212	0.5	4037640	488974	291677	0.8919779773579104	0.9326274791150659
213	0.5	4013551	462736	315766	0.8966250376707302	0.9270633219974421
214	0.5	4019381	474021	309936	0.894507324294599	0.9284099547341994
215	0.5	4009084	464877	320233	0.8960927464499578	0.9260315195214395
216	0.5	4018618	491726	310699	0.8909781604241273	0.9282337144635054
217	0.5	4047558	504661	281759	0.8891395602891689	0.9349183716507707
218	0.5	4066397	549086	262920	0.881033902627309	0.9392698663553628
219	0.5	4029732	506927	299585	0.888259840556674	0.9308008630460648
220	0.5	3925783	389364	403534	0.9097680797432857	0.90679037825135
221	0.5	4065634	500411	263683	0.8904060297259444	0.9390936260846687
222	0.5	4009545	460060	319772	0.8970692041019285	0.9261380028304695
223	0.5	3998439	437147	330878	0.9014454910805472	0.9235727021144444
224	0.5	4074700	540335	254617	0.8829185477466585	0.9411877208344873
225	0.5	4082416	540825	246901	0.8830203746679007	0.942969988106669
226	0.5	4064016	536226	265301	0.8834352627535682	0.9387198950781382
227	0.5	4061877	540421	267440	0.8825758349415879	0.9382258217635715
228	0.5	4017032	451905	312285	0.8988786371345132	0.9278673749231114
229	0.5	4040026	493595	289291	0.8911256587173917	0.9331786053088743
230	0.5	3986189	413922	343128	0.9059291913317641	0.9207431564840366
231	0.5	4017997	463599	311320	0.8965549326623818	0.9280902738237925
232	0.5	4065754	533897	263563	0.883926628346368	0.9391213440826809
233	0.5	4062428	530202	266889	0.8845537306510649	0.9383530935711106
234	0.5	4025708	474894	303609	0.8944821159480443	0.9298713861793905
235	0.5	4039358	479817	289959	0.8938264174323853	0.9330243084532733
236	0.5	4000438	432915	328879	0.9023504331822889	0.9240344377646635
237	0.5	4012668	447591	316649	0.8996491010948019	0.926859363728736
238	0.5	4040045	482719	289272	0.893269027523877	0.933182993991893
239	0.5	4045680	480131	283637	0.893912715312239	0.9344845849818805
240	0.5	4021676	473454	307641	0.8946740138772404	0.9289400614461819
241	0.5	4013952	441640	315365	0.9008796137527852	0.927155946307466
242	0.5	4044012	495350	285305	0.89087673554125	0.9340993048095115
243	0.5	4019102	466768	310215	0.8959470515195491	0.9283455103888212
244	0.5	4016488	477562	312829	0.8937346046439181	0.9277417199987896
245	0.5	4017007	471749	312310	0.8949042897408547	0.9278616003401923
246	0.5	4046130	480950	283187	0.8937615416559902	0.9345885274744261
247	0.5	4019970	451500	309347	0.8990264946427013	0.9285460039077758
248	0.5	3993696	415771	335621	0.9057094655657929	0.9224771482430139
249	0.5	4013929	449589	315388	0.8992747424789146	0.9271506336911803
250	0.5	3991546	429677	337771	0.9028148998591566	0.9219805341119627
251	0.5	4066490	522441	262827	0.8861519164267233	0.9392913478038222
252	0.5	3986328	425272	342989	0.9036014144528063	0.9207752631650674
253	0.5	4028124	475552	301193	0.8944080346810028	0.9304294418727018
254	0.5	4011496	436819	317821	0.9018012438417693	0.9265886512814839
255	0.5	4005460	440069	323857	0.9010086313687302	0.9251944359814723
256	0.5	4018158	450125	311159	0.8992621998203785	0.9281274621377922
257	0.5	4004919	439119	324398	0.9011891887513113	0.9250694740071009
258	0.5	4032803	482479	296514	0.8931453229277817	0.9315102128118592
259	0.5	3995170	428316	334147	0.90317229443023	0.9228176176519298
260	0.5	4035355	477708	293962	0.8941499376365896	0.9320996822362512
261	0.5	4025024	467571	304293	0.8959240706095253	0.9297133935907211
262	0.5	4028662	489943	300655	0.8915720670428152	0.930553710897123
263	0.5	4037959	492524	291358	0.8912866464789737	0.932701162793115
264	0.5	4027380	476464	301937	0.894209479724431	0.9302575902850265
265	0.5	4026794	470427	302523	0.8953960679272822	0.9301222340614005
266	0.5	4005129	441990	324188	0.9006120591780881	0.9251179805036222
267	0.5	4021361	459794	307956	0.8973938638587596	0.9288673017014
268	0.5	4005714	442447	323603	0.9005326021247883	0.9252531057439314
269	0.5	4022578	469652	306739	0.8954523699810562	0.9291484083979067
270	0.5	4022430	469336	306887	0.8955119211463821	0.9291142228670249
271	0.5	4019637	456322	309680	0.8980504513111045	0.9284690864632921
272	0.5	4019307	445632	310010	0.9001930373516861	0.9283928619687586
273	0.5	4022767	468667	306550	0.8956531477474677	0.9291920642447757
274	0.5	4039727	490337	289590	0.8917593658720936	0.9331095412971607
275	0.5	4002810	439144	326507	0.9011372022312703	0.9245823301920372
276	0.5	4041439	489216	287878	0.8920209108837464	0.9335049847354675
277	0.5	4025302	461564	304015	0.8971299789206988	0.9297776069527827
278	0.5	4019316	459727	310001	0.897360440611979	0.9283949408186095
279	0.5	4006537	452359	322780	0.8985491027375386	0.9254432050136315
280	0.5	3999031	435067	330286	0.9018815100613473	0.9237094442379711
281	0.5	4014550	455532	314767	0.898093144600032	0.9272940743308933
282	0.5	4030131	469029	299186	0.8957518736830875	0.9308930253894552
283	0.5	4022399	476669	306918	0.8940516124672933	0.9291070623842052
284	0.5	4011195	452751	318122	0.8985760580437129	0.9265191253031367
285	0.5	4015824	454761	313493	0.8982770711215646	0.9275883470764557
286	0.5	4014237	456361	315080	0.8979194729653617	0.927221776552745
287	0.5	4017687	457067	311630	0.8978565078661307	0.9280186689955945
288	0.5	4015080	456660	314237	0.8978786780984583	0.9274164954887804
289	0.5	4021212	450991	308105	0.8991568584878639	0.9288328851872015
290	0.5	4025032	473338	304285	0.8947756631846646	0.9297152414572553
291	0.5	4019510	457602	309807	0.8977908080030162	0.9284397515820625
292	0.5	4030448	471157	298869	0.8953357746848069	0.9309662471008706
293	0.5	4023261	460232	306056	0.8973496780300538	0.9293061700032592
294	0.5	4027102	469018	302215	0.8956838340613684	0.930193376922965
295	0.5	4012037	445785	317280	0.899999371890578	0.9267136132558553
296	0.5	4022555	458186	306762	0.8977432527343133	0.929143095781621
297	0.5	4025377	460375	303940	0.8973694934539403	0.9297949307015402
298	0.5	4035153	467233	294164	0.8962254680074077	0.932053023606264
299	0.5	4027297	467454	302020	0.8960000231381005	0.9302384186697348
300	0.5	4028978	467917	300339	0.89594664763131	0.9306267016252218
