epoch	iou_threshold	score_threshold	tp	fp	fn	precision	recall
1	0.5	0.5	74	205	2226	0.26523297491039427	0.03217391304347826
2	0.5	0.5	1094	1287	1206	0.4594708105837883	0.4756521739130435
3	0.5	0.5	1560	1043	740	0.5993084902036112	0.6782608695652174
4	0.5	0.5	1900	1656	400	0.5343082114735658	0.8260869565217391
5	0.5	0.5	1798	2478	502	0.4204864359214219	0.7817391304347826
6	0.5	0.5	1716	3940	584	0.3033946251768034	0.7460869565217392
7	0.5	0.5	1967	1996	333	0.49634115569013376	0.8552173913043478
8	0.5	0.5	1964	1968	336	0.49949135300101727	0.8539130434782609
9	0.5	0.5	1849	2853	451	0.39323692045937897	0.8039130434782609
10	0.5	0.5	1789	3100	511	0.36592350173859683	0.7778260869565218
11	0.5	0.5	1937	2492	363	0.4373447730864755	0.8421739130434782
12	0.5	0.5	1980	1188	320	0.625	0.8608695652173913
13	0.5	0.5	1853	2711	447	0.40600350569675725	0.8056521739130434
14	0.5	0.5	2020	1493	280	0.5750071164247083	0.8782608695652174
15	0.5	0.5	2009	1586	291	0.5588317107093185	0.8734782608695653
16	0.5	0.5	2018	1350	282	0.5991686460807601	0.8773913043478261
17	0.5	0.5	1993	1425	307	0.5830895260386191	0.8665217391304347
18	0.5	0.5	1966	1955	334	0.5014027033919919	0.8547826086956521
19	0.5	0.5	1971	1896	329	0.5096974398758728	0.8569565217391304
20	0.5	0.5	1917	1770	383	0.5199349064279902	0.8334782608695652
21	0.5	0.5	1979	1508	321	0.5675365643819903	0.8604347826086957
22	0.5	0.5	2017	1702	283	0.5423500941113203	0.8769565217391304
23	0.5	0.5	1948	1019	352	0.6565554432086282	0.8469565217391304
24	0.5	0.5	1879	2513	421	0.4278233151183971	0.8169565217391305
25	0.5	0.5	1943	1568	357	0.553403588721162	0.8447826086956521
26	0.5	0.5	1986	1607	314	0.5527414416921792	0.8634782608695653
27	0.5	0.5	1984	1381	316	0.5895988112927192	0.8626086956521739
28	0.5	0.5	1965	1241	335	0.6129132875857767	0.8543478260869565
29	0.5	0.5	1947	1699	353	0.534009873834339	0.8465217391304348
30	0.5	0.5	1995	1796	305	0.5262463729886574	0.8673913043478261
31	0.5	0.5	2034	1229	266	0.6233527428746553	0.8843478260869565
32	0.5	0.5	1991	1789	309	0.5267195767195767	0.8656521739130435
33	0.5	0.5	2038	922	262	0.6885135135135135	0.8860869565217391
34	0.5	0.5	1956	2152	344	0.4761441090555015	0.8504347826086956
35	0.5	0.5	1927	1901	373	0.5033960292580982	0.8378260869565217
36	0.5	0.5	2027	1462	273	0.5809687589567212	0.8813043478260869
37	0.5	0.5	2015	1144	285	0.6378600823045267	0.8760869565217392
38	0.5	0.5	1925	2491	375	0.43591485507246375	0.8369565217391305
39	0.5	0.5	1976	2068	324	0.4886251236399604	0.8591304347826086
40	0.5	0.5	2016	1804	284	0.5277486910994764	0.8765217391304347
41	0.5	0.5	1971	1057	329	0.6509247027741083	0.8569565217391304
42	0.5	0.5	2002	1095	298	0.6464320309977397	0.8704347826086957
43	0.5	0.5	2041	1130	259	0.6436455376852728	0.8873913043478261
44	0.5	0.5	1971	1141	329	0.6333547557840618	0.8569565217391304
45	0.5	0.5	1984	1216	316	0.62	0.8626086956521739
46	0.5	0.5	1993	821	307	0.7082444918265813	0.8665217391304347
47	0.5	0.5	2066	1040	234	0.665164198325821	0.8982608695652174
48	0.5	0.5	2048	1021	252	0.6673183447376996	0.8904347826086957
49	0.5	0.5	1993	1931	307	0.5079001019367991	0.8665217391304347
50	0.5	0.5	2025	1254	275	0.6175663311985361	0.8804347826086957
51	0.5	0.5	2071	1074	229	0.6585055643879173	0.9004347826086957
52	0.5	0.5	2086	949	214	0.6873146622734762	0.9069565217391304
53	0.5	0.5	2037	804	263	0.7170010559662091	0.8856521739130435
54	0.5	0.5	2051	810	249	0.716882209017826	0.8917391304347826
55	0.5	0.5	2085	876	215	0.7041540020263425	0.9065217391304348
56	0.5	0.5	1979	888	321	0.6902685734216951	0.8604347826086957
57	0.5	0.5	2011	549	289	0.785546875	0.8743478260869565
58	0.5	0.5	2026	860	274	0.702009702009702	0.8808695652173913
59	0.5	0.5	2028	625	272	0.7644176404070863	0.8817391304347826
60	0.5	0.5	2060	1245	240	0.6232980332829047	0.8956521739130435
61	0.5	0.5	2087	751	213	0.7353770260747005	0.9073913043478261
62	0.5	0.5	1935	545	365	0.780241935483871	0.841304347826087
63	0.5	0.5	1766	413	534	0.8104635153740248	0.7678260869565218
64	0.5	0.5	1986	585	314	0.7724620770128354	0.8634782608695653
65	0.5	0.5	1814	3306	486	0.354296875	0.788695652173913
66	0.5	0.5	1958	477	342	0.8041067761806981	0.851304347826087
67	0.5	0.5	1857	860	443	0.6834744203165256	0.8073913043478261
68	0.5	0.5	1922	1069	378	0.6425944500167168	0.8356521739130435
69	0.5	0.5	1974	526	326	0.7896	0.8582608695652174
70	0.5	0.5	1990	455	310	0.8139059304703476	0.8652173913043478
71	0.5	0.5	1980	571	320	0.7761662093296746	0.8608695652173913
72	0.5	0.5	1989	1326	311	0.6	0.8647826086956522
73	0.5	0.5	1978	642	322	0.7549618320610687	0.86
74	0.5	0.5	2004	367	296	0.8452129902994517	0.871304347826087
75	0.5	0.5	2084	495	216	0.8080651415277239	0.9060869565217391
76	0.5	0.5	1895	374	405	0.8351696782723667	0.8239130434782609
77	0.5	0.5	2095	779	205	0.7289491997216423	0.9108695652173913
78	0.5	0.5	1952	430	348	0.8194794290512175	0.8486956521739131
79	0.5	0.5	2139	521	161	0.8041353383458647	0.93
80	0.5	0.5	2006	589	294	0.7730250481695569	0.8721739130434782
81	0.5	0.5	2060	465	240	0.8158415841584158	0.8956521739130435
82	0.5	0.5	1821	4697	479	0.27938017796870207	0.7917391304347826
83	0.5	0.5	2039	476	261	0.8107355864811133	0.8865217391304347
84	0.5	0.5	2159	750	141	0.7421794431075971	0.938695652173913
85	0.5	0.5	2093	624	207	0.7703349282296651	0.91
86	0.5	0.5	2022	371	278	0.8449644797325533	0.8791304347826087
87	0.5	0.5	2060	415	240	0.8323232323232324	0.8956521739130435
88	0.5	0.5	2064	759	236	0.7311370882040382	0.8973913043478261
89	0.5	0.5	2090	474	210	0.8151326053042122	0.908695652173913
90	0.5	0.5	2038	500	262	0.8029944838455477	0.8860869565217391
91	0.5	0.5	2024	453	276	0.8171174808235769	0.88
92	0.5	0.5	2111	465	189	0.8194875776397516	0.9178260869565218
93	0.5	0.5	1949	383	351	0.8357632933104632	0.8473913043478261
94	0.5	0.5	2122	668	178	0.760573476702509	0.922608695652174
95	0.5	0.5	2073	376	227	0.8464679461004492	0.9013043478260869
96	0.5	0.5	2137	461	163	0.8225558121632025	0.9291304347826087
97	0.5	0.5	2076	620	224	0.7700296735905044	0.9026086956521739
98	0.5	0.5	2114	423	186	0.8332676389436342	0.9191304347826087
99	0.5	0.5	2107	452	193	0.82336850332161	0.9160869565217391
100	0.5	0.5	1982	360	318	0.8462852263023057	0.8617391304347826
101	0.5	0.5	1957	383	343	0.8363247863247864	0.8508695652173913
102	0.5	0.5	2045	383	255	0.8422570016474464	0.8891304347826087
103	0.5	0.5	2118	619	182	0.773839970770917	0.9208695652173913
104	0.5	0.5	2059	391	241	0.8404081632653061	0.8952173913043479
105	0.5	0.5	2061	389	239	0.8412244897959184	0.8960869565217391
106	0.5	0.5	2072	381	228	0.8446799836934366	0.9008695652173913
107	0.5	0.5	1980	398	320	0.832632464255677	0.8608695652173913
108	0.5	0.5	1974	387	326	0.8360864040660737	0.8582608695652174
109	0.5	0.5	2077	411	223	0.8348070739549839	0.9030434782608696
110	0.5	0.5	2030	498	270	0.803006329113924	0.8826086956521739
111	0.5	0.5	2032	445	268	0.8203471941865159	0.8834782608695653
112	0.5	0.5	2115	398	185	0.8416235575009948	0.9195652173913044
113	0.5	0.5	2081	475	219	0.8141627543035994	0.9047826086956522
114	0.5	0.5	2048	413	252	0.8321820398212109	0.8904347826086957
115	0.5	0.5	2085	394	215	0.8410649455425575	0.9065217391304348
116	0.5	0.5	2138	452	162	0.8254826254826255	0.9295652173913044
117	0.5	0.5	2142	505	158	0.8092179826218361	0.931304347826087
118	0.5	0.5	2107	501	193	0.807898773006135	0.9160869565217391
119	0.5	0.5	2067	523	233	0.7980694980694981	0.898695652173913
120	0.5	0.5	2155	439	145	0.830763299922899	0.9369565217391305
121	0.5	0.5	2092	414	208	0.8347964884277733	0.9095652173913044
122	0.5	0.5	2114	500	186	0.8087222647283856	0.9191304347826087
123	0.5	0.5	2186	898	114	0.7088197146562906	0.9504347826086956
124	0.5	0.5	2084	398	216	0.8396454472199839	0.9060869565217391
125	0.5	0.5	2127	561	173	0.7912946428571429	0.9247826086956522
126	0.5	0.5	2090	364	210	0.8516707416462918	0.908695652173913
127	0.5	0.5	2072	397	228	0.8392061563385986	0.9008695652173913
128	0.5	0.5	2082	399	218	0.8391777509068924	0.9052173913043479
129	0.5	0.5	2122	822	178	0.7207880434782609	0.922608695652174
130	0.5	0.5	2012	399	288	0.8345085026959768	0.8747826086956522
131	0.5	0.5	2146	579	154	0.7875229357798165	0.9330434782608695
132	0.5	0.5	2026	339	274	0.8566596194503171	0.8808695652173913
133	0.5	0.5	2071	459	229	0.8185770750988143	0.9004347826086957
134	0.5	0.5	2109	404	191	0.8392359729407083	0.9169565217391304
135	0.5	0.5	2118	483	182	0.8143021914648212	0.9208695652173913
136	0.5	0.5	2128	412	172	0.8377952755905512	0.9252173913043479
137	0.5	0.5	2061	377	239	0.8453650533223954	0.8960869565217391
138	0.5	0.5	2121	360	179	0.8548972188633616	0.9221739130434783
139	0.5	0.5	2168	999	132	0.684559520050521	0.9426086956521739
140	0.5	0.5	2113	388	187	0.8448620551779288	0.918695652173913
141	0.5	0.5	2159	461	141	0.8240458015267176	0.938695652173913
142	0.5	0.5	2152	452	148	0.82642089093702	0.9356521739130435
143	0.5	0.5	2034	357	266	0.8506900878293601	0.8843478260869565
144	0.5	0.5	1957	344	343	0.8504997827031725	0.8508695652173913
145	0.5	0.5	2085	366	215	0.8506731946144431	0.9065217391304348
146	0.5	0.5	2080	356	220	0.8538587848932676	0.9043478260869565
147	0.5	0.5	2146	448	154	0.8272937548188126	0.9330434782608695
148	0.5	0.5	2111	430	189	0.8307752853207399	0.9178260869565218
149	0.5	0.5	2132	383	168	0.847713717693837	0.9269565217391305
150	0.5	0.5	2086	372	214	0.8486574450772986	0.9069565217391304
151	0.5	0.5	2125	388	175	0.8456028651014723	0.9239130434782609
152	0.5	0.5	2099	352	201	0.8563851489188087	0.912608695652174
153	0.5	0.5	2107	426	193	0.8318199763126727	0.9160869565217391
154	0.5	0.5	2132	431	168	0.8318376902067889	0.9269565217391305
155	0.5	0.5	2140	373	160	0.8515718265021887	0.9304347826086956
156	0.5	0.5	2107	326	193	0.8660090423345663	0.9160869565217391
157	0.5	0.5	2073	338	227	0.8598092077975944	0.9013043478260869
158	0.5	0.5	2112	371	188	0.8505839710028191	0.9182608695652174
159	0.5	0.5	2080	391	220	0.8417644678267908	0.9043478260869565
160	0.5	0.5	2095	328	205	0.8646306231943871	0.9108695652173913
161	0.5	0.5	2136	507	164	0.8081725312145289	0.928695652173913
162	0.5	0.5	2065	344	235	0.8572021585720215	0.8978260869565218
163	0.5	0.5	2118	388	182	0.8451715881883479	0.9208695652173913
164	0.5	0.5	2137	387	163	0.8466719492868463	0.9291304347826087
165	0.5	0.5	2113	369	187	0.8513295729250604	0.918695652173913
166	0.5	0.5	2151	408	149	0.8405627198124267	0.9352173913043478
167	0.5	0.5	2198	635	102	0.7758559830568302	0.9556521739130435
168	0.5	0.5	2121	472	179	0.8179714616274586	0.9221739130434783
169	0.5	0.5	2093	369	207	0.8501218521527214	0.91
170	0.5	0.5	2122	379	178	0.8484606157536985	0.922608695652174
171	0.5	0.5	2054	323	246	0.8641144299537232	0.8930434782608696
172	0.5	0.5	2097	403	203	0.8388	0.9117391304347826
173	0.5	0.5	2093	351	207	0.8563829787234043	0.91
174	0.5	0.5	2120	364	180	0.8534621578099839	0.9217391304347826
175	0.5	0.5	2109	383	191	0.8463081861958266	0.9169565217391304
176	0.5	0.5	2151	454	149	0.8257197696737044	0.9352173913043478
177	0.5	0.5	2098	291	202	0.8781917120133947	0.9121739130434783
178	0.5	0.5	2141	392	159	0.8452427951046191	0.9308695652173913
179	0.5	0.5	2111	362	189	0.8536190861302062	0.9178260869565218
180	0.5	0.5	2137	406	163	0.8403460479748329	0.9291304347826087
181	0.5	0.5	2130	399	170	0.8422301304863582	0.9260869565217391
182	0.5	0.5	2120	475	180	0.8169556840077071	0.9217391304347826
183	0.5	0.5	2126	357	174	0.8562223117196939	0.9243478260869565
184	0.5	0.5	2056	357	244	0.852051388313303	0.8939130434782608
185	0.5	0.5	2158	410	142	0.8403426791277259	0.9382608695652174
186	0.5	0.5	2086	325	214	0.8652011613438407	0.9069565217391304
187	0.5	0.5	2094	372	206	0.8491484184914841	0.9104347826086957
188	0.5	0.5	2115	357	185	0.8555825242718447	0.9195652173913044
189	0.5	0.5	2158	413	142	0.839362115908207	0.9382608695652174
190	0.5	0.5	2099	331	201	0.8637860082304527	0.912608695652174
191	0.5	0.5	2150	419	150	0.8369015181004282	0.9347826086956522
192	0.5	0.5	2112	346	188	0.8592351505288853	0.9182608695652174
193	0.5	0.5	2086	354	214	0.8549180327868853	0.9069565217391304
194	0.5	0.5	2134	436	166	0.8303501945525292	0.9278260869565217
195	0.5	0.5	2135	387	165	0.8465503568596352	0.9282608695652174
196	0.5	0.5	2118	381	182	0.8475390156062425	0.9208695652173913
197	0.5	0.5	2135	424	165	0.8343102774521297	0.9282608695652174
198	0.5	0.5	2124	400	176	0.8415213946117274	0.9234782608695652
199	0.5	0.5	2137	403	163	0.8413385826771653	0.9291304347826087
200	0.5	0.5	2060	339	240	0.8586911213005419	0.8956521739130435
201	0.5	0.5	2143	392	157	0.8453648915187377	0.9317391304347826
202	0.5	0.5	2111	370	189	0.8508665860540104	0.9178260869565218
203	0.5	0.5	2094	354	206	0.8553921568627451	0.9104347826086957
204	0.5	0.5	2130	341	170	0.8619991906110887	0.9260869565217391
205	0.5	0.5	2163	378	137	0.8512396694214877	0.9404347826086956
206	0.5	0.5	2135	426	165	0.8336587270597423	0.9282608695652174
207	0.5	0.5	2122	368	178	0.8522088353413655	0.922608695652174
208	0.5	0.5	2099	338	201	0.861304883052934	0.912608695652174
209	0.5	0.5	2106	369	194	0.850909090909091	0.9156521739130434
210	0.5	0.5	2089	381	211	0.845748987854251	0.9082608695652173
211	0.5	0.5	2098	350	202	0.8570261437908496	0.9121739130434783
212	0.5	0.5	2151	403	149	0.8422083007047768	0.9352173913043478
213	0.5	0.5	2160	422	140	0.836560805577072	0.9391304347826087
214	0.5	0.5	2121	358	179	0.8555869302137958	0.9221739130434783
215	0.5	0.5	2084	382	216	0.8450932684509327	0.9060869565217391
216	0.5	0.5	2136	430	164	0.8324240062353858	0.928695652173913
217	0.5	0.5	2115	403	185	0.8399523431294679	0.9195652173913044
218	0.5	0.5	2099	329	201	0.8644975288303131	0.912608695652174
219	0.5	0.5	2084	365	216	0.8509595753368722	0.9060869565217391
220	0.5	0.5	2148	443	152	0.8290235430335777	0.9339130434782609
221	0.5	0.5	2130	373	170	0.8509788254095086	0.9260869565217391
222	0.5	0.5	2131	381	169	0.848328025477707	0.9265217391304348
223	0.5	0.5	2079	325	221	0.8648086522462562	0.9039130434782608
224	0.5	0.5	2114	363	186	0.8534517561566412	0.9191304347826087
225	0.5	0.5	2127	372	173	0.851140456182473	0.9247826086956522
226	0.5	0.5	2112	365	188	0.8526443278159064	0.9182608695652174
227	0.5	0.5	2134	387	166	0.8464894882982943	0.9278260869565217
228	0.5	0.5	2001	334	299	0.8569593147751606	0.87
229	0.5	0.5	2126	328	174	0.8663406682966586	0.9243478260869565
230	0.5	0.5	2105	358	195	0.85464880227365	0.9152173913043479
231	0.5	0.5	2132	381	168	0.8483883804218066	0.9269565217391305
232	0.5	0.5	2098	341	202	0.8601886018860189	0.9121739130434783
233	0.5	0.5	2135	408	165	0.8395595753047581	0.9282608695652174
234	0.5	0.5	2132	385	168	0.8470401271354787	0.9269565217391305
235	0.5	0.5	2126	388	174	0.8456642800318218	0.9243478260869565
236	0.5	0.5	2163	424	137	0.8361035948975647	0.9404347826086956
237	0.5	0.5	2111	373	189	0.8498389694041868	0.9178260869565218
238	0.5	0.5	2123	356	177	0.8563937071399758	0.9230434782608695
239	0.5	0.5	2098	380	202	0.8466505246166263	0.9121739130434783
240	0.5	0.5	2111	353	189	0.856737012987013	0.9178260869565218
241	0.5	0.5	2144	434	156	0.8316524437548487	0.9321739130434783
242	0.5	0.5	2129	363	171	0.8543338683788122	0.9256521739130434
243	0.5	0.5	2125	394	175	0.8435887256847956	0.9239130434782609
244	0.5	0.5	2106	394	194	0.8424	0.9156521739130434
245	0.5	0.5	2107	368	193	0.8513131313131314	0.9160869565217391
246	0.5	0.5	2096	355	204	0.8551611587107303	0.9113043478260869
247	0.5	0.5	2109	386	191	0.8452905811623247	0.9169565217391304
248	0.5	0.5	2134	441	166	0.8287378640776699	0.9278260869565217
249	0.5	0.5	2112	342	188	0.8606356968215159	0.9182608695652174
250	0.5	0.5	2132	370	168	0.8521183053557154	0.9269565217391305
251	0.5	0.5	2149	421	151	0.8361867704280156	0.9343478260869565
252	0.5	0.5	2143	388	157	0.8467009087317265	0.9317391304347826
253	0.5	0.5	2136	371	164	0.8520143597925808	0.928695652173913
254	0.5	0.5	2132	387	168	0.8463676061929337	0.9269565217391305
255	0.5	0.5	2137	361	163	0.855484387510008	0.9291304347826087
256	0.5	0.5	2129	365	171	0.8536487570168404	0.9256521739130434
257	0.5	0.5	2130	354	170	0.857487922705314	0.9260869565217391
258	0.5	0.5	2132	357	168	0.8565689031739655	0.9269565217391305
259	0.5	0.5	2124	343	176	0.8609647344953385	0.9234782608695652
260	0.5	0.5	2107	316	193	0.8695831613702022	0.9160869565217391
261	0.5	0.5	2124	382	176	0.8475658419792498	0.9234782608695652
262	0.5	0.5	2126	365	174	0.853472501003613	0.9243478260869565
263	0.5	0.5	2132	375	168	0.8504188272836058	0.9269565217391305
264	0.5	0.5	2110	335	190	0.8629856850715747	0.9173913043478261
265	0.5	0.5	2126	364	174	0.8538152610441767	0.9243478260869565
266	0.5	0.5	2131	349	169	0.8592741935483871	0.9265217391304348
267	0.5	0.5	2137	353	163	0.8582329317269076	0.9291304347826087
268	0.5	0.5	2131	395	169	0.8436262866191607	0.9265217391304348
269	0.5	0.5	2118	379	182	0.8482178614337205	0.9208695652173913
270	0.5	0.5	2111	345	189	0.8595276872964169	0.9178260869565218
271	0.5	0.5	2142	411	158	0.8390129259694477	0.931304347826087
272	0.5	0.5	2125	383	175	0.8472886762360446	0.9239130434782609
273	0.5	0.5	2135	375	165	0.850597609561753	0.9282608695652174
274	0.5	0.5	2120	363	180	0.8538058799838905	0.9217391304347826
275	0.5	0.5	2127	364	173	0.8538739462063428	0.9247826086956522
276	0.5	0.5	2121	352	179	0.857662757784068	0.9221739130434783
277	0.5	0.5	2127	369	173	0.8521634615384616	0.9247826086956522
278	0.5	0.5	2121	365	179	0.8531777956556718	0.9221739130434783
279	0.5	0.5	2122	366	178	0.8528938906752411	0.922608695652174
280	0.5	0.5	2117	354	183	0.8567381626871712	0.9204347826086956
281	0.5	0.5	2119	380	181	0.8479391756702681	0.921304347826087
282	0.5	0.5	2121	381	179	0.8477218225419664	0.9221739130434783
283	0.5	0.5	2127	364	173	0.8538739462063428	0.9247826086956522
284	0.5	0.5	2122	339	178	0.8622511174319383	0.922608695652174
285	0.5	0.5	2128	381	172	0.8481466719808689	0.9252173913043479
286	0.5	0.5	2133	365	167	0.8538831064851882	0.9273913043478261
287	0.5	0.5	2129	393	171	0.8441712926249009	0.9256521739130434
288	0.5	0.5	2130	355	170	0.8571428571428571	0.9260869565217391
289	0.5	0.5	2127	358	173	0.8559356136820926	0.9247826086956522
290	0.5	0.5	2128	382	172	0.847808764940239	0.9252173913043479
291	0.5	0.5	2134	388	166	0.8461538461538461	0.9278260869565217
292	0.5	0.5	2124	365	176	0.853354760948172	0.9234782608695652
293	0.5	0.5	2132	383	168	0.847713717693837	0.9269565217391305
294	0.5	0.5	2123	330	177	0.8654708520179372	0.9230434782608695
295	0.5	0.5	2135	398	165	0.8428740623766285	0.9282608695652174
296	0.5	0.5	2126	393	174	0.8439857086145296	0.9243478260869565
297	0.5	0.5	2122	381	178	0.8477826608070316	0.922608695652174
298	0.5	0.5	2125	354	175	0.8572004840661557	0.9239130434782609
299	0.5	0.5	2118	373	182	0.8502609393817744	0.9208695652173913
300	0.5	0.5	2119	388	181	0.8452333466294376	0.921304347826087
