epoch	threshold	tp	fp	fn	precision	recall
1	0.5	445804	2309108	3883513	0.1618215028284025	0.10297328654843246
2	0.5	3736673	3901075	592644	0.48923753441459444	0.8631091232173573
3	0.5	3886533	1911571	442784	0.6703110189123893	0.8977242830682068
4	0.5	4009040	1767981	320277	0.6939632035265234	0.9260213562555017
5	0.5	4069229	2055893	260088	0.6643506855863442	0.9399240111084497
6	0.5	4186267	2957629	143050	0.5859921533012239	0.9669578365363405
7	0.5	4041211	1502410	288106	0.7289839980041926	0.9334523205392444
8	0.5	4048477	1472458	280840	0.7332955378029264	0.9351306453188806
9	0.5	4123315	2112961	206002	0.6611822504327903	0.9524169747791627
10	0.5	4183568	2437227	145749	0.6318830291528434	0.9663344125643837
11	0.5	4124698	1797321	204619	0.6965019869068303	0.9527364247062527
12	0.5	3838825	705539	490492	0.8447441710215114	0.8867045309918401
13	0.5	4179958	2180762	149359	0.6571517060961652	0.9655005627908513
14	0.5	3972144	1030613	357173	0.7939909933662579	0.9174989958000304
15	0.5	4044484	1223203	284833	0.7677912525934057	0.934208328935026
16	0.5	3997421	1053028	331896	0.7914981420463805	0.9233375610979746
17	0.5	3969445	992360	359872	0.8000002015395608	0.9168755718280736
18	0.5	4106960	1532019	222357	0.728316243064569	0.9486392426334224
19	0.5	4099608	1491084	229709	0.7332916926920675	0.9469410532885442
20	0.5	4110038	1593780	219279	0.7205766383148972	0.9493502092824342
21	0.5	4045486	1240353	283831	0.7653441582310774	0.9344397742184275
22	0.5	4133148	1426147	196169	0.7434662128921024	0.9546882337329422
23	0.5	4007319	1034174	321998	0.7948675124610904	0.925623833967344
24	0.5	4195501	2173263	133816	0.6587622025246971	0.9690907364833761
25	0.5	4153843	1672090	175474	0.7129918933156286	0.9594684334734556
26	0.5	4135773	1473028	193544	0.7373720337020336	0.9552945649394581
27	0.5	4017137	1074375	312180	0.7889870435344157	0.927891628171372
28	0.5	4093461	1276102	235856	0.7623452783774024	0.9455211988403713
29	0.5	4122484	1543610	206833	0.7275707039099598	0.9522250276429284
30	0.5	4102600	1383097	226717	0.7478721482429671	0.9476321553723139
31	0.5	3999297	918109	330020	0.8132940416146236	0.9237708858002313
32	0.5	4162338	1591929	166979	0.7233480823882521	0.9614306367493995
33	0.5	3976773	785108	352544	0.8351264972812215	0.9185682175733493
34	0.5	4203599	1885884	125718	0.690304743440453	0.9709612393825631
35	0.5	4140244	1653284	189073	0.7146326038296527	0.9563272913487277
36	0.5	4131479	1327849	197838	0.7567742769806101	0.9543027225772565
37	0.5	4076819	1103768	252498	0.7869415184032235	0.9416771744827186
38	0.5	4171545	1868278	157772	0.6906733856273602	0.9635573001468823
39	0.5	4175707	1695336	153610	0.7112376795741404	0.9645186527112706
40	0.5	4173610	1557967	155707	0.7281783006666402	0.9640342806960082
41	0.5	4031076	1049296	298241	0.793460793815886	0.931111304623801
42	0.5	3976416	903385	352901	0.8148725736971651	0.9184857565292631
43	0.5	4065622	1031771	263695	0.7975884927844489	0.9390908542848676
44	0.5	4124956	1365311	204361	0.751321565963914	0.9527960184019789
45	0.5	4030231	1058829	299086	0.791940161837353	0.930916123721132
46	0.5	4020146	927762	309171	0.812494088410698	0.9285866569715269
47	0.5	3933018	698664	396299	0.8491554472003907	0.9084615425481664
48	0.5	3990730	830322	338587	0.8277716149919147	0.9217920517254801
49	0.5	4143956	1609450	185361	0.720261354752298	0.9571847014205705
50	0.5	4002285	887260	327032	0.8185393528436695	0.924461063950734
51	0.5	4006805	859122	322512	0.8234412476800412	0.9255051085425253
52	0.5	4010663	826204	318654	0.8291861239930723	0.9263962421786162
53	0.5	3997031	758255	332286	0.8405448168627502	0.923247477604435
54	0.5	3939732	709153	389585	0.8474574010757419	0.9100123645369466
55	0.5	3953690	665283	375627	0.8559673329980496	0.913236429672394
56	0.5	4015462	929627	313855	0.8120100568462975	0.9275047311157857
57	0.5	3935276	619380	394041	0.8640116838681121	0.9089831028774285
58	0.5	4105747	1057095	223570	0.7952493994586702	0.9483590598701828
59	0.5	3803861	536399	525456	0.8764131641883205	0.8786284303043644
60	0.5	4110288	1134999	219029	0.7836154627954581	0.9494079551116261
61	0.5	4053818	842849	275499	0.8278729184565746	0.9363643272137383
62	0.5	3727041	444975	602276	0.8933429306119631	0.8608842919102482
63	0.5	3659087	425096	670230	0.8959165150043472	0.8451880516025969
64	0.5	4010674	767695	318643	0.8393395319616379	0.9263987829951006
65	0.5	4257978	3498620	71339	0.5489491656006925	0.9835218811650891
66	0.5	3868408	499514	460909	0.8856403571309195	0.8935377104517872
67	0.5	4204888	1846121	124429	0.6949069155243365	0.971258976877877
68	0.5	4099660	1397090	229657	0.7458334470368855	0.946953064421016
69	0.5	3789271	413606	540046	0.9015897919448987	0.8752583837127196
70	0.5	4047349	813511	281968	0.8326405204017396	0.9348700961375662
71	0.5	4079361	1039641	249956	0.7969055296325338	0.9422643340739428
72	0.5	4110841	1599587	218476	0.7198831681268024	0.9495356888857989
73	0.5	4134261	1079633	195056	0.7929315402269398	0.9549453181645049
74	0.5	3818005	346601	511312	0.9167746000461988	0.8818954583367307
75	0.5	3979339	534492	349978	0.8815879460263355	0.919160920764176
76	0.5	3749139	329065	580178	0.9193112948739199	0.865988561244187
77	0.5	4192820	1209048	136497	0.7761796474849071	0.968471470211121
78	0.5	4054622	832228	274695	0.8297005228316809	0.9365500378004198
79	0.5	4114477	754557	214840	0.8450294247277796	0.9503755442255672
80	0.5	4148091	1074979	181226	0.7941863693191935	0.9581398174354061
81	0.5	4020274	655095	309043	0.8598837867128777	0.9286162228360733
82	0.5	4249315	5585861	80002	0.43205276651887065	0.9815208726919281
83	0.5	4057258	710117	272059	0.8510465402868455	0.9371589098234202
84	0.5	4030021	621367	299296	0.8664125633036849	0.9308676172246108
85	0.5	3952176	564887	377141	0.8749437410990283	0.9128867209308074
86	0.5	3843605	393201	485712	0.9071940041625697	0.887808631245991
87	0.5	3886955	413609	442362	0.903824475115357	0.8978217580278829
88	0.5	3934148	689012	395169	0.8509651407262565	0.9087225536961142
89	0.5	4050378	666051	278939	0.8587806579935795	0.9355697446040565
90	0.5	3994414	585645	334903	0.8721315598772854	0.9226429942644533
91	0.5	3954811	541905	374506	0.8794887202127063	0.913495361970491
92	0.5	3995393	530609	333924	0.8827643027996894	0.9228691269315691
93	0.5	3731230	312675	598087	0.9226799343703672	0.8618518810241893
94	0.5	4210865	1093643	118452	0.7938276273690227	0.9726395641621992
95	0.5	3995199	513568	334118	0.8860956886882821	0.9228243161681161
96	0.5	4074426	612674	254891	0.8692850589917006	0.9411244314056929
97	0.5	4103592	797289	225725	0.8373172088855044	0.9478612908225478
98	0.5	4003838	512048	325479	0.8866118409543554	0.9248197810416747
99	0.5	4040777	611855	288540	0.8684927155210213	0.9333520737797671
100	0.5	3775360	283305	553957	0.930197491046933	0.8720451747931602
101	0.5	3866227	411200	463090	0.9038674418055528	0.8930339358379162
102	0.5	3966067	473605	363250	0.8933243266619696	0.9160953101840313
103	0.5	4094850	795475	234467	0.8373369868055804	0.945842034667362
104	0.5	4038445	614668	290872	0.8679017681281327	0.9328134206850642
105	0.5	3904485	365034	424832	0.9145023127898014	0.9018708955708256
106	0.5	3971276	453601	358041	0.897488449961434	0.9172985022810758
107	0.5	3853216	433511	476101	0.8988713300380453	0.8900286119034481
108	0.5	3826279	339895	503038	0.9184155534550406	0.883806614299669
109	0.5	4054846	633307	274471	0.8649133251410523	0.9366017780633759
110	0.5	4069502	703974	259815	0.8525238212153994	0.9399870695539273
111	0.5	4060257	699380	269060	0.8530602228699373	0.9378516287904074
112	0.5	4031150	594965	298167	0.8713899243749885	0.9311283973892418
113	0.5	4122934	822122	206383	0.8337486976891667	0.952328970135474
114	0.5	4068076	652829	261241	0.8617152855225851	0.9396576873442162
115	0.5	3933845	376262	395472	0.912702399267582	0.9086525657511335
116	0.5	4010544	492061	318773	0.8907163741878312	0.9263687551639208
117	0.5	4095544	648301	233773	0.8633384944069631	0.946002337089199
118	0.5	4099297	644842	230020	0.8640760736563579	0.9468692174770292
119	0.5	4082601	716807	246716	0.8506467881038662	0.9430127200202711
120	0.5	4003258	452258	326059	0.8984948095798556	0.9246858107179493
121	0.5	4103161	739323	226156	0.8473256700486775	0.9477617370130208
122	0.5	4020351	543718	308966	0.8808698992061689	0.9286340085514644
123	0.5	4122071	797375	207246	0.8379136593835973	0.9521296315331033
124	0.5	4000535	511075	328782	0.8867200400743859	0.92405684314639
125	0.5	4138767	742369	190550	0.847910609333565	0.9559861289898615
126	0.5	4025950	489530	303367	0.8915884911460132	0.9299272841420483
127	0.5	3974251	442412	355066	0.8998311621239836	0.9179856776484605
128	0.5	4064181	594783	265136	0.8723357810878126	0.9387580073254049
129	0.5	4192701	1130517	136616	0.7876252672725408	0.9684439831964257
130	0.5	4012384	581404	316933	0.8734369108892269	0.9267937644667739
131	0.5	4201550	943954	127767	0.816547805618264	0.9704879545665055
132	0.5	4035837	538660	293480	0.8822471629121191	0.9322110161949333
133	0.5	3992801	543933	336516	0.8801047185045453	0.9222704181745065
134	0.5	4052466	526860	276851	0.8849481342887577	0.936052037769468
135	0.5	4050560	601387	278757	0.8707235916488301	0.9356117835677082
136	0.5	4064747	536127	264570	0.8834727923433678	0.9388887438826956
137	0.5	4053190	629573	276127	0.8655552288253751	0.936219269690808
138	0.5	4038796	527986	290521	0.8843855476350744	0.9328944958292498
139	0.5	4031557	784299	297760	0.8371423481100764	0.9312224075991663
140	0.5	4030860	482322	298457	0.8931303900440974	0.931061412227379
141	0.5	4077475	595508	251842	0.8725636279866629	0.9418286995385184
142	0.5	4053122	544042	276195	0.8816570389918654	0.9362035628252678
143	0.5	3928972	394453	400345	0.908763769465181	0.9075269840485232
144	0.5	3986640	580620	342677	0.872873451478567	0.920847329959899
145	0.5	3987340	454338	341977	0.8977102797636389	0.9210090182816366
146	0.5	4098490	618849	230827	0.8688139648221169	0.9466828139403975
147	0.5	4092852	601766	236465	0.8718178987086915	0.9453805300004596
148	0.5	4117813	671345	211504	0.8598198263661379	0.9511461045703052
149	0.5	4013277	480624	316040	0.8930497133781986	0.9270000325686477
150	0.5	4060260	550150	269057	0.8806722178721632	0.9378523217403577
151	0.5	3953182	386249	376135	0.91099086493137	0.9131190901474759
152	0.5	4011833	456462	317484	0.8978442560305441	0.9266664926592347
153	0.5	4099455	665962	229862	0.8602510546296368	0.9469057128410786
154	0.5	3998253	430806	331064	0.9027319347066725	0.9235297392175256
155	0.5	4062669	496602	266648	0.8910786395456642	0.9384087605504517
156	0.5	3975157	381496	354160	0.9124336962342422	0.9181949485334523
157	0.5	3972828	388303	356489	0.9109627754818647	0.9176569883886997
158	0.5	4068795	533612	260522	0.8840580591851177	0.9398237643489724
159	0.5	4057538	541372	271779	0.8822825408629437	0.9372235851521152
160	0.5	4066903	533922	262414	0.8839508131693772	0.9393867439136474
161	0.5	4063952	588697	265365	0.8734705755796321	0.938705112145865
162	0.5	4026999	528762	302318	0.8839355269075793	0.9301695856413379
163	0.5	4022837	560612	306480	0.8776877412620933	0.9292082330769496
164	0.5	4037254	472157	292063	0.8952951948713479	0.9325383195547935
165	0.5	3983175	416511	346142	0.9053316532134339	0.920046972767298
166	0.5	4028893	462554	300424	0.8970144810792602	0.9306070680432964
167	0.5	3954087	435808	375230	0.90072473259611	0.9133281300491509
168	0.5	4054770	557936	274547	0.8790436676432446	0.9365842233313014
169	0.5	4029075	505097	300242	0.888602152719394	0.9306491070069483
170	0.5	4012245	453452	317072	0.898458852000035	0.9267616577857432
171	0.5	4026194	518925	303123	0.8858280718282624	0.9299836440713397
172	0.5	4093225	591555	236092	0.8737283287582341	0.9454666867776141
173	0.5	3977625	386624	351692	0.9114111041785196	0.9187650153592356
174	0.5	4040879	480288	288438	0.8937690202551686	0.9333756340780774
175	0.5	4002870	439259	326447	0.9011152084957461	0.9245961891910432
176	0.5	4085829	560553	243488	0.879357099782153	0.9437583341667981
177	0.5	4026539	489226	302778	0.8916626529502754	0.9300633333156246
178	0.5	3983906	406422	345411	0.9074278732705164	0.9202158215718553
179	0.5	3980482	393170	348835	0.9101048734558671	0.9194249346952418
180	0.5	4060171	521679	269146	0.8861422787738578	0.9378317642251653
181	0.5	4014183	498558	315134	0.8895221330007639	0.9272093034536395
182	0.5	4110716	640108	218601	0.8652637942386415	0.9495068159712029
183	0.5	3999082	441275	330235	0.9006217292888837	0.9237212243871262
184	0.5	3946484	437472	382833	0.9002106772969437	0.911571963891764
185	0.5	4048160	496126	281157	0.8908242130887009	0.9350574236074651
186	0.5	3942738	359244	386579	0.9164933744492655	0.9107067003871512
187	0.5	4019615	485216	309702	0.8922898550467265	0.9284640048303231
188	0.5	4045491	504833	283826	0.88905559252484	0.9344409291350113
189	0.5	4001720	425941	327597	0.903799997334936	0.9243305583767601
190	0.5	4001212	427963	328105	0.9033763624151224	0.9242132188518419
191	0.5	4085854	542204	243463	0.8828441648743383	0.9437641087497173
192	0.5	4059075	509280	270242	0.8885200471504513	0.9375786065099876
193	0.5	3955057	372713	374260	0.9138787412454913	0.9135521838664159
194	0.5	4060069	515073	269248	0.8874192320150938	0.9378082039268549
195	0.5	4060730	499275	268587	0.8905099884758898	0.9379608838992386
196	0.5	4044884	521143	284433	0.8858651076745714	0.9343007222617332
197	0.5	4025543	510056	303774	0.8875438503271563	0.9298332739321237
198	0.5	4078946	534454	250371	0.884151818615338	0.9421684759974841
199	0.5	4048124	481238	281193	0.8937514819968022	0.9350491082080614
200	0.5	3963204	398020	366113	0.9087366299002299	0.9154340049481247
201	0.5	4017692	411434	311625	0.907107180965274	0.9280198239121783
202	0.5	3973861	399874	355456	0.9085737933368162	0.917895594154921
203	0.5	4067719	538304	261598	0.8831304142423952	0.93957522630013
204	0.5	3990298	411441	339019	0.9065276246501667	0.9216922669326363
205	0.5	4057444	486887	271873	0.892858376733561	0.9372018727203391
206	0.5	4095639	582558	233678	0.8754738203628449	0.946024280504292
207	0.5	4015053	440898	314264	0.9010541184137797	0.9274102589392276
208	0.5	3990854	425752	338463	0.9036019966462936	0.9218206936567592
209	0.5	4012679	451462	316638	0.8988692337450811	0.9268619045452204
210	0.5	3980197	444266	349120	0.899588718450126	0.9193591044499629
211	0.5	4000133	437687	329184	0.9013734220856187	0.9239639878530493
212	0.5	4056099	482698	273218	0.8936506743967619	0.9368912001592861
213	0.5	4029125	453915	300192	0.8987483939469646	0.9306606561727866
214	0.5	3984862	408488	344455	0.9070212935459274	0.9204366416226856
215	0.5	3975993	394656	353324	0.90970311274138	0.9183880505862703
216	0.5	4051745	503067	277572	0.8895526313709545	0.9358854987980784
217	0.5	4007068	464088	322249	0.8962040241941905	0.9255658571548353
218	0.5	4012421	452957	316896	0.8985624509280066	0.9268023108494943
219	0.5	3977071	441134	352246	0.9001553798431716	0.9186370506017462
220	0.5	4060173	505792	269144	0.8892256072922153	0.9378322261917988
221	0.5	4012189	431061	317128	0.9029852022731109	0.9267487227200041
222	0.5	4057422	510409	271895	0.8882600954369809	0.9371967910873701
223	0.5	4030910	472507	298407	0.8950781151290231	0.9310729613932175
224	0.5	4030975	469174	298342	0.8957425631906855	0.9310879753088074
225	0.5	4028154	453014	301163	0.8989071599190211	0.9304363713722049
226	0.5	4019977	442833	309340	0.9007726073930998	0.9285476207909932
227	0.5	4049531	474607	279786	0.8950944909284376	0.935374101734754
228	0.5	3927730	397206	401587	0.9081591033948248	0.9072401027690973
229	0.5	4011923	420477	317394	0.9051355924555545	0.9266872811577438
230	0.5	4022241	466329	307076	0.8961074462468002	0.9290705670201558
231	0.5	4046860	494772	282457	0.8910585445936615	0.9347571452956668
232	0.5	3984686	404971	344631	0.9077442725023845	0.9203959885589343
233	0.5	4044247	489316	285070	0.8920681150785816	0.934153585888952
234	0.5	4019039	440030	310278	0.901317965700912	0.9283309584398648
235	0.5	4021584	440146	307733	0.9013508213181882	0.9289188109810392
236	0.5	4037178	461592	292139	0.8973959548943378	0.9325207648227192
237	0.5	4009943	447097	319374	0.8996874607362734	0.9262299341905432
238	0.5	4028741	471020	300576	0.8953233293946056	0.9305719585791477
239	0.5	3994631	433547	334686	0.9020935924436642	0.9226931176441919
240	0.5	4005743	417034	323574	0.9057076583332146	0.9252598042601177
241	0.5	4045125	471562	284192	0.8955955991637233	0.9343563892410743
242	0.5	4024518	444019	304799	0.900634368698301	0.9295965160324365
243	0.5	4029870	460796	299447	0.897388048899651	0.9308327387437787
244	0.5	4015950	457697	313367	0.8976904078484511	0.9276174509743684
245	0.5	4017467	443120	311850	0.9006588146358315	0.9279678526659055
246	0.5	3985583	416294	343734	0.90542807079798	0.9206031805940752
247	0.5	4042103	480654	287214	0.8937254422468419	0.9336583576578015
248	0.5	4065876	513866	263441	0.8877958627363725	0.9391495240473267
249	0.5	4029444	455525	299873	0.8984329657573998	0.9307343398508356
250	0.5	4036504	457334	292813	0.898230866355218	0.9323650820672176
251	0.5	4055727	486620	273590	0.8928703597501468	0.9368052743654484
252	0.5	4043827	464530	285490	0.8969624632654424	0.9340565728959095
253	0.5	4043696	472155	285621	0.8954449560005412	0.9340263140814128
254	0.5	4015321	434657	313996	0.9023237867692829	0.9274721624681214
255	0.5	4021239	437959	308078	0.901785253760878	0.9288391217367543
256	0.5	4019637	433194	309680	0.9027149245053315	0.9284690864632921
257	0.5	4031932	452897	297385	0.8990157707239228	0.9313090263429543
258	0.5	4019099	431689	310218	0.9030084110948443	0.9283448174388709
259	0.5	4020981	445567	308336	0.9002435437837005	0.9287795280410281
260	0.5	3973329	376864	355988	0.9133684413542111	0.9177727110304004
261	0.5	4042515	478609	286802	0.8941393777299628	0.9337535227843099
262	0.5	4035801	461553	293516	0.8973723215917626	0.9322027007955297
263	0.5	4031759	458356	297558	0.897918872901919	0.9312690662291535
264	0.5	4016400	445280	312917	0.9001990281687615	0.9277213934669141
265	0.5	4031149	458056	298168	0.8979650071671933	0.931128166405925
266	0.5	4019086	440674	310231	0.9011888532118321	0.9283418146557528
267	0.5	4016929	436578	312388	0.9019698408467753	0.9278435836414843
268	0.5	4030902	453519	298415	0.8988678806026463	0.9310711135266833
269	0.5	4018132	443122	311185	0.9006732187855702	0.9281214565715562
270	0.5	4006407	421606	322910	0.9047866390636161	0.9254131771824516
271	0.5	4047927	473199	281390	0.8953360291219489	0.9350036044946581
272	0.5	4025549	449752	303768	0.8995035194280787	0.9298346598320243
273	0.5	4017126	433154	312191	0.9026681467233523	0.9278890873548876
274	0.5	4026319	443816	302998	0.9007153027816833	0.9300125169859357
275	0.5	4029373	452680	299944	0.8990016405428495	0.930717940035345
276	0.5	4014768	435589	314549	0.9021226836408854	0.9273444286939487
277	0.5	4027975	449810	301342	0.899546315868225	0.9303950253585034
278	0.5	4028808	454261	300509	0.8986718696500099	0.9305874344613712
279	0.5	4019326	428751	309991	0.9036098071144002	0.9283972506517771
280	0.5	4017627	431197	311690	0.9030761837285539	0.9280048099965884
281	0.5	4029542	449640	299775	0.8996155994554362	0.9307569762158788
282	0.5	4019656	438287	309661	0.9016840278128275	0.9284734751463106
283	0.5	4031075	462387	298242	0.8970978279108625	0.9311110736404842
284	0.5	4014993	427757	314324	0.9037179674750999	0.9273963999402215
285	0.5	4022998	442470	306319	0.9009129614186016	0.9292454213909492
286	0.5	4025102	441626	304215	0.9011298650824496	0.9297314102894291
287	0.5	4025835	451405	303482	0.8991778417060511	0.9299007210606199
288	0.5	4019900	438749	309417	0.9015959767185082	0.9285298350756019
289	0.5	4019253	433333	310064	0.9026783536578519	0.9283803888696531
290	0.5	4021244	435557	308073	0.9022713825454626	0.9288402766533381
291	0.5	4031149	459555	298168	0.8976652658469585	0.931128166405925
292	0.5	4020103	439231	309214	0.9015030047087749	0.9285767246889058
293	0.5	4034083	460841	295234	0.8974752409606925	0.9318058714573223
294	0.5	4008645	421316	320672	0.9048939708498562	0.9259301178453784
295	0.5	4026918	449212	302399	0.8996427717693632	0.9301508759926796
296	0.5	4034244	466848	295073	0.8962811691029643	0.9318430597713219
297	0.5	4030055	457279	299262	0.8980956175760485	0.9308754706573809
298	0.5	4017645	440463	311672	0.9011995671706473	0.9280089676962902
299	0.5	4019560	446095	309757	0.9001053596840777	0.9284513007479008
300	0.5	4020478	447850	308839	0.8997723533276877	0.9286633434326939
